1679030813.78086,8.488935301090603
1679030813.802288,10.20540845481154
1679030813.832065,10.929453147996712
1679030813.864563,9.761980941354642
1679030813.892095,9.988077908399593
1679030813.909667,8.848488582641057
1679030813.983032,10.937269754857311
1679030814.029865,11.19521104455277
1679030814.0693161,10.52588385747103
1679030814.09695,11.028466967586292
1679030814.116114,10.4277273057881
1679030814.131178,9.252458410132535
1679030814.150989,11.819895798096159
1679030814.1706681,10.782736048617823
1679030814.18844,9.349539234604565
1679030814.190933,10.09446474584351
1679030814.196518,10.770733934829234
1679030814.232426,9.929729219554721
1679030814.262677,8.648489654409955
1679030814.273003,10.171040092293277
1679030814.30775,8.957765696295974
1679030814.3333771,9.576068731711485
1679030814.364266,10.233199816712435
1679030814.369559,9.449842502239628
1679030814.3965251,8.117640715714403
1679030814.40353,10.098004800160462
1679030814.413186,12.096124693909063
1679030814.432949,9.925912381054284
1679030814.454776,9.953298384939819
1679030814.4798589,9.717979021080467
1679030814.487159,11.148500392171647
1679030814.4907362,8.536418198264368
1679030814.522609,11.8712660811191
1679030814.556315,9.712967967171636
1679030814.576464,9.809664361124346
1679030814.600558,9.729176723111056
1679030814.616568,8.801643111527746
1679030814.634518,11.145761612918614
1679030814.643824,9.081216355317148
1679030814.6664698,9.76780910601557
1679030814.709159,9.874399315332745
1679030814.735088,9.862027011761922
1679030814.7665632,9.471355287501126
1679030814.8072891,8.754083466980736
1679030814.820064,10.140653574366015
1679030814.8465312,9.739996201227028
1679030814.870864,8.912639464323261
1679030814.871378,9.209136572616105
1679030814.899055,11.282537309428882
1679030814.899528,9.977772913083342
1679030814.922884,8.77039001758695
1679030814.945041,11.26599354168071
1679030814.971273,9.980390665392799
1679030814.9967759,8.877744903258213
1679030815.019728,10.25858365940442
1679030815.0467808,8.035250219683995
1679030815.080197,9.449412891067645
1679030815.082303,9.646814214767742
1679030815.098604,10.581562184413945
1679030815.123035,10.385953089299818
1679030815.141154,10.826957217661043
1679030815.152319,10.035188328542775
1679030815.1592221,10.014947995245706
1679030815.169565,8.82365626554305
1679030815.171694,9.237726605266445
1679030815.184792,10.115332364254579
1679030815.224512,10.29948777842786
1679030815.231319,8.899387929699962
1679030815.237924,9.933287451976165
1679030815.2777758,6.792518845389873
1679030815.30337,9.2609484464327
1679030815.317992,9.053230009459108
1679030815.341295,9.07584572645818
1679030815.36674,8.508454898751427
1679030815.381233,8.676811656893019
1679030815.3920782,9.846417124315584
1679030815.406446,10.700736076468832
1679030815.4165041,10.293313995614064
1679030815.43748,9.241657502493991
1679030815.46756,11.43203738434712
1679030815.49878,9.60120917079156
1679030815.5108328,10.621274632685216
1679030815.535968,9.535982185625306
1679030815.552352,10.367235635689267
1679030815.571224,9.743729637223353
1679030815.599135,9.133729949396002
1679030815.6007428,11.282073779153619
1679030815.6278222,11.55696889448031
1679030815.646956,10.307621781154726
1679030815.671747,9.342399145487708
1679030815.699679,9.794147883646312
1679030815.7052622,8.473454691062237
1679030815.735981,10.729935695576126
1679030815.74155,10.555853513741377
1679030815.766919,9.26195808218812
1679030815.780226,9.011392199643844
1679030815.813218,7.834108767584176
1679030815.8445141,9.82619005733487
1679030815.8538759,10.505130633735472
1679030815.879891,10.088987206533329
1679030815.906563,11.076500654374495
1679030815.943172,9.203768827376765
1679030815.967458,10.876120492111939
1679030815.999001,9.886596351705391
1679030816.017517,10.825508472450396
1679030816.023679,8.997067604941998
1679030816.031221,9.320563594849624
1679030816.035983,11.616618320940077
1679030816.0518012,9.118880568020632
1679030816.0822122,11.503489212930429
1679030816.101814,9.843621953649722
1679030816.127861,11.262260157732754
1679030816.1536791,9.57341356793948
1679030816.17369,9.708255016442685
1679030816.2014568,9.517662107815418
1679030816.235987,10.870347593084624
1679030816.249295,9.999489877800428
1679030816.267862,11.332967096835159
1679030816.2740989,8.077418873508773
1679030816.278604,10.864360156812074
1679030816.298049,9.863082563588547
1679030816.3025558,9.93274075742634
1679030816.327789,10.354609474518469
1679030816.36808,10.342707129114991
1679030816.381946,8.303540275095669
1679030816.3993769,11.292437796479813
1679030816.421497,9.43267886063986
1679030816.424491,10.842992576750785
1679030816.4604092,9.608210820950724
1679030816.47238,10.491205598508708
1679030816.4994218,9.793620637395087
1679030816.510373,9.293667293385296
1679030816.5298939,9.248115513662677
1679030816.567329,9.373751614154358
1679030816.584406,9.61266616426944
1679030816.602376,9.306862015348266
1679030816.6181738,10.061090032771611
1679030816.650156,10.686802936228425
1679030816.657505,8.850008909402018
1679030816.679895,9.33099612921664
1679030816.684026,9.183451973144491
1679030816.718113,9.507364817086541
1679030816.752297,10.611264812110324
1679030816.7535732,9.365705577247953
1679030816.772108,9.177683890741552
1679030816.7945201,9.320637371092348
1679030816.809953,9.952662779777668
1679030816.823997,10.850776145174322
1679030816.833916,8.906383700578209
1679030816.867367,8.79902423701487
1679030816.8996701,9.342053509579825
1679030816.9270642,8.473147896776679
1679030816.929342,11.856195307753763
1679030816.9728708,9.898972208359254
1679030817.007537,10.588773431331642
1679030817.013095,10.80752623526809
1679030817.035748,10.19620419648867
1679030817.0450299,9.952450457948895
1679030817.068831,8.984290801184665
1679030817.088327,9.83198104052444
1679030817.1223621,8.684014819181684
1679030817.153311,10.822431544747923
1679030817.189648,10.849561774884624
1679030817.1944718,8.540921410574091
1679030817.2299058,11.329259998144527
1679030817.268585,10.084011215575273
1679030817.300394,9.285771631825897
1679030817.324717,9.243483297564634
1679030817.350822,9.97684690475332
1679030817.353305,9.972475189839978
1679030817.373025,10.565186315731061
1679030817.400927,8.304159180162634
1679030817.422747,9.516861251969052
1679030817.446578,8.180997111070523
1679030817.4816818,9.462388866761692
1679030817.518285,9.568601175480513
1679030817.5368588,11.440243179151924
1679030817.575459,10.365427460545428
1679030817.583696,10.178150405024443
1679030817.5896902,9.875720728923987
1679030817.617737,9.614168780210834
1679030817.6278772,10.909363217195857
1679030817.646584,9.786584154143794
1679030817.672786,10.379005550776592
1679030817.6803641,10.281957475866404
1679030817.717695,9.47545063707728
1679030817.737184,7.998926944811489
1679030817.744292,10.743266069574725
1679030817.763249,9.11440236040341
1679030817.775661,9.312292834362168
1679030817.79884,9.205778696116738
1679030817.800437,10.233660819525573
1679030817.842153,10.543020585498335
1679030817.853148,9.78452714625611
1679030817.863613,10.569852510527555
1679030817.868347,8.650912206322293
1679030817.90181,9.597685574593756
1679030817.926296,11.874388585965747
1679030817.952472,9.946444074924017
1679030817.9778078,8.503359969632063
1679030817.9875221,10.508842248326928
1679030818.011876,11.381890460196963
1679030818.024846,10.145819836319301
1679030818.039446,8.474328688932538
1679030818.0802891,10.781649536370177
1679030818.122507,9.624532217984461
1679030818.1348538,9.377870425782586
1679030818.1682858,9.254622426893729
1679030818.179919,11.663603776230921
1679030818.190358,10.076799439408259
1679030818.222419,9.590595349413842
1679030818.2407548,9.309837704095187
1679030818.2604558,9.63375424918583
1679030818.2793531,7.844946293365066
1679030818.297353,12.317098276106302
1679030818.302148,10.264615569145278
1679030818.343744,9.10818346025585
1679030818.3587918,10.347423002458386
1679030818.388128,9.249579735381246
1679030818.4035368,9.325752817146839
1679030818.432725,10.695445717441832
1679030818.455043,10.038066578144218
1679030818.483658,12.729817812419277
1679030818.5045462,9.573638737835543
1679030818.527831,9.466287912611756
1679030818.556573,10.848536723353318
1679030818.578324,9.273379611008908
1679030818.592499,11.23474994522928
1679030818.625673,9.633335260455214
1679030818.64716,9.746737395253511
1679030818.673363,9.222310206049297
1679030818.713366,10.682475886138477
1679030818.7286122,11.464881244669757
1679030818.768353,10.45421879221123
1679030818.788379,9.635576541847813
1679030818.808185,11.003532603239364
1679030818.8299332,9.633060408533462
1679030818.842258,11.210262346551408
1679030818.869757,9.120736317978238
1679030818.898894,11.22770981197116
1679030818.9059358,11.028050236138034
1679030818.9230888,8.230034978348105
1679030818.949536,11.708347405624114
1679030818.976643,10.294276008956293
1679030819.005054,9.388824403192903
1679030819.0250041,9.92715239979379
1679030819.0518541,9.058382122151034
1679030819.074529,8.779838646225036
1679030819.112885,8.467837662589066
1679030819.1185222,11.948423620513797
1679030819.1456451,9.983170779984036
1679030819.160937,10.115688399879408
1679030819.20078,9.682758258590319
1679030819.2280178,8.995471702575363
1679030819.241724,8.988656711666854
1679030819.26745,10.188702209367118
1679030819.273858,8.652431995176403
1679030819.305072,11.037245198939434
1679030819.317208,10.779139243607188
1679030819.358042,12.412745463528413
1679030819.3941891,9.650010020326913
1679030819.407947,10.069761910776299
1679030819.4346912,10.843546831554317
1679030819.440233,10.266144304506827
1679030819.445159,9.294383852356193
1679030819.467744,9.623006902368976
1679030819.4971468,11.019873830209502
1679030819.523125,10.498935796229317
1679030819.546622,10.116331999417374
1679030819.568234,8.604136981791203
1679030819.5733929,11.312994342341069
1679030819.57995,9.332445943407478
1679030819.611179,7.687455353626637
1679030819.6315498,10.968906640292118
1679030819.639955,10.744874616346012
1679030819.659316,10.173173793021034
1679030819.675467,7.803211703345383
1679030819.699771,9.687232156017982
1679030819.709383,8.47390173579475
1679030819.730096,9.098093032262671
1679030819.747094,9.046174375615426
1679030819.75338,8.60389507072413
1679030819.7689002,10.330573548306857
1679030819.8011022,10.480238535361204
1679030819.81827,10.01534414414101
1679030819.82428,11.37738837096383
1679030819.856607,8.711780240553072
1679030819.868764,10.028041591772146
1679030819.882522,10.946324644791776
1679030819.9031339,11.17057686680502
1679030819.91453,9.898407040131776
1679030819.935779,11.134532602578396
1679030819.951385,10.540837416280706
1679030819.973974,10.044187106167412
1679030820.029953,10.23236982192787
1679030820.06801,9.842673847867474
1679030820.088404,8.995863559556689
1679030820.105746,10.123534120795584
1679030820.138121,11.06627972609364
1679030820.169274,8.686652988319672
1679030820.2095418,10.104944812078955
1679030820.230015,10.272036874744549
1679030820.2562492,10.667210996620788
1679030820.2806652,11.05362471850439
1679030820.305929,11.641306197381905
1679030820.3236248,9.43352276087552
1679030820.3436291,11.358469482921638
1679030820.368068,9.979473611841323
1679030820.396628,10.92799781796102
1679030820.418904,11.43152355420688
1679030820.43018,10.07106299601624
1679030820.4546611,7.920284219650034
1679030820.4808488,10.976472734768072
1679030820.489583,9.602304672161383
1679030820.511297,8.902567407182666
1679030820.523756,9.823456565167742
1679030820.536082,10.622627314300635
1679030820.568254,11.78221684413303
1679030820.5813498,10.70388846445786
1679030820.618707,9.94811602873011
1679030820.6467168,10.601454015528754
1679030820.67786,9.822445060462112
1679030820.693828,9.600700708398378
1679030820.7056751,11.122990086884121
1679030820.718664,9.515344787404606
1679030820.726599,9.724264574738854
1679030820.74664,8.584145534740479
1679030820.768349,9.045487052913222
1679030820.8195279,10.765692156201501
1679030820.8393862,10.237739942632368
1679030820.873131,11.17579681262697
1679030820.904638,10.39833536453538
1679030820.930807,10.54729586344477
1679030820.968105,11.014422524483921
1679030820.972984,8.751724200606763
1679030820.996646,7.861928663216194
1679030821.023443,9.482357511177552
1679030821.068707,11.425919041935309
1679030821.089608,10.80520272706715
1679030821.1300921,10.749990623864262
1679030821.1624079,9.791519978227855
1679030821.187953,8.370846828373248
1679030821.194978,11.498531667781878
1679030821.2177138,10.734962866019321
1679030821.268327,9.904067061037855
1679030821.2993238,9.371916414136093
1679030821.3299782,10.202693176772163
1679030821.34882,10.88925913497184
1679030821.374945,9.626961258306475
1679030821.3896031,9.409052007206839
1679030821.4116118,11.124886710864004
1679030821.412116,8.726015729881352
1679030821.4310489,8.627511139885334
1679030821.450707,10.687629791887037
1679030821.4636328,11.66018725686129
1679030821.483511,8.875365350264573
1679030821.489598,9.505691245669926
1679030821.5179489,11.421110635488855
1679030821.5577412,10.155293479170798
1679030821.5750778,9.363990065533201
1679030821.579979,11.77175578793706
1679030821.618022,9.99665949628967
1679030821.6392891,10.525998448975892
1679030821.663378,9.635799531896179
1679030821.688852,8.800749445532169
1679030821.7143092,10.202556892772884
1679030821.733719,10.598524034955991
1679030821.774945,9.004384648700519
1679030821.796652,11.151192894510054
1679030821.818188,10.84925825823502
1679030821.847853,10.578452242178829
1679030821.868766,10.402952794233036
1679030821.8839061,11.37106208472529
1679030821.909017,10.989027811857474
1679030821.939615,11.363117881393096
1679030821.961776,9.416997569482463
1679030822.000814,10.701246203994504
1679030822.025392,12.312820426680183
1679030822.050097,10.733394471355005
1679030822.0735009,9.784185092533992
1679030822.104474,10.746329598743388
1679030822.118326,9.929061268583073
1679030822.144074,9.951563659661815
1679030822.156558,10.681510872975998
1679030822.1848361,9.4648189572057
1679030822.2183979,10.121788960657508
1679030822.2466838,9.970907922864075
1679030822.274747,7.849809821531881
1679030822.2967522,9.834831774472823
1679030822.313222,9.243526114099115
1679030822.342249,8.214186463086902
1679030822.386896,10.401337570003678
1679030822.423855,9.722660413188487
1679030822.45387,8.979046140349675
1679030822.4800398,10.938473553299238
1679030822.514157,9.973819711362157
1679030822.527339,9.832520176830542
1679030822.542333,10.152688924024298
1679030822.564179,10.223915144481207
1679030822.59197,9.172977136849548
1679030822.626257,11.06319312151782
1679030822.6449862,9.978647586089215
1679030822.6689138,8.676607221444906
1679030822.685622,11.213562924955669
1679030822.700306,9.241742730698427
1679030822.71959,10.746998590217855
1679030822.736248,11.761828497452806
1679030822.750149,10.620893146684262
1679030822.774341,8.038722781244749
1679030822.796915,11.139667217716742
1679030822.8203578,11.275183085340222
1679030822.840885,10.725351399395917
1679030822.85268,9.995093106105404
1679030822.8840451,11.604768849729801
1679030822.9030862,9.19091901985625
1679030822.9136798,9.98386749699112
1679030822.936609,10.614610037501224
1679030822.944057,9.762937032921158
1679030822.969672,9.16397522538474
1679030823.003764,9.184774870751342
1679030823.0243342,9.572637742137243
1679030823.061586,10.744577629972202
1679030823.070407,11.018583178053426
1679030823.108545,10.882631425929542
1679030823.131438,10.910121992768154
1679030823.136402,9.429039098375235
1679030823.154206,9.882069553124367
1679030823.1694112,10.371864634037596
1679030823.174486,8.741211114546966
1679030823.185535,11.309735617364202
1679030823.21962,9.653185453724237
1679030823.220598,10.223304151760116
1679030823.2330399,7.559402998429424
1679030823.262764,9.915160694477821
1679030823.2947981,9.791908728319978
1679030823.306331,9.617356090647311
1679030823.335826,9.987639011119906
1679030823.341989,9.606110009330942
1679030823.363405,8.559700456584114
1679030823.37467,9.790612723142102
1679030823.390906,8.491777918121386
1679030823.399619,11.300554027803045
1679030823.424289,8.323047976946818
1679030823.452773,10.429247064330273
1679030823.4748008,10.857750951336726
1679030823.490689,9.682709184882329
1679030823.506371,10.177351274229467
1679030823.55007,9.751713557996732
1679030823.552532,9.894975183554358
1679030823.577397,11.193532496843856
1679030823.6021361,10.112966648709522
1679030823.613146,10.817219968505672
1679030823.635774,10.327263997725666
1679030823.6558862,11.735440916723379
1679030823.681282,10.17775754025291
1679030823.707405,8.916770046935634
1679030823.7404811,9.809381373321258
1679030823.757366,9.028651904323915
1679030823.790962,8.801533656798515
1679030823.7937799,11.230557546063395
1679030823.826279,10.782420492041261
1679030823.847997,10.233348020931327
1679030823.870029,8.572973335553433
1679030823.874916,11.362349630313691
1679030823.898031,9.322031741881018
1679030823.9204469,10.831510383776774
1679030823.94532,10.054613728701316
1679030823.980099,9.034136926620333
1679030824.0116858,9.486984013807005
1679030824.04675,9.43565799902711
1679030824.0904791,8.402136537555922
1679030824.091873,9.348713975040253
1679030824.133825,11.335286523862713
1679030824.1500502,11.255607403075155
1679030824.170671,10.95630039034421
1679030824.197147,11.080332545729375
1679030824.2263281,7.967366201165863
1679030824.258552,10.391534448628049
1679030824.281541,8.856214126864035
1679030824.302259,10.443869985750995
1679030824.338353,9.178125259653688
1679030824.369935,10.67500119755133
1679030824.3989398,7.984673656709493
1679030824.424727,9.085134206723465
1679030824.444913,10.159312428028468
1679030824.457686,11.166954971245087
1679030824.4882371,11.14198968222973
1679030824.506293,8.568644635772298
1679030824.5211678,8.915319259261757
1679030824.551199,9.681647705522167
1679030824.557137,10.651241249865166
1679030824.603199,11.20565234513399
1679030824.632573,11.94625667997046
1679030824.65232,9.127757947553885
1679030824.6921139,8.188990278513824
1679030824.732654,9.330202366096742
1679030824.792154,8.167653575196777
1679030824.8200471,9.146413468598674
1679030824.8283,9.710783845793328
1679030824.8300521,9.086688369640257
1679030824.857634,11.140761370312026
1679030824.887031,10.49238710148357
1679030824.908538,9.078267836884148
1679030824.928448,10.406456541413295
1679030824.946783,9.326894525776009
1679030824.9700952,10.018633317118626
1679030824.9865868,9.099690576341349
1679030825.006756,10.573418444572257
1679030825.043896,9.203793082735807
1679030825.071231,10.716161301482014
1679030825.100779,9.823567644609104
1679030825.1277812,10.906518412310906
1679030825.132295,12.387890126774844
1679030825.146817,10.418451070360396
1679030825.148627,9.378209812070564
1679030825.153561,11.215063474165275
1679030825.191666,11.549161805944527
1679030825.200685,10.153692844338037
1679030825.218496,8.212875493241127
1679030825.226756,9.637787279266586
1679030825.242831,11.727910220650369
1679030825.2691321,11.46359425910586
1679030825.2861938,9.42941849326795
1679030825.288238,9.853650089007946
1679030825.29568,10.050989971354099
1679030825.3242738,9.303367185238802
1679030825.336221,9.79083258852062
1679030825.36945,9.619163289946137
1679030825.3922691,8.326507490904476
1679030825.409248,9.760181371526244
1679030825.451245,12.186439821335844
1679030825.4550028,8.248562113681913
1679030825.482238,12.05429382027359
1679030825.501166,8.628373563511744
1679030825.53422,9.10107045147021
1679030825.552811,11.925436298980715
1679030825.558601,11.16941713396878
1679030825.6095638,9.302506852567609
1679030825.6246579,10.238514103498565
1679030825.6511738,8.122374314793046
1679030825.679774,9.70190265796497
1679030825.687627,8.656953789540532
1679030825.719727,10.718362268486851
1679030825.724708,8.869005558903337
1679030825.746807,8.764364334596399
1679030825.7613199,12.426268518112009
1679030825.7813802,8.89549577559972
1679030825.797127,8.516062408666267
1679030825.8209522,11.146253182073947
1679030825.8460212,10.15991429345754
1679030825.869699,11.004113042715186
1679030825.88611,8.642591201570445
1679030825.898983,10.47953715830151
1679030825.920099,9.412803912052572
1679030825.936835,11.377224353742834
1679030825.956654,10.132773328865726
1679030825.97889,7.9406873148090895
1679030826.024896,10.955472271312454
1679030826.0601668,9.246340572720145
1679030826.089777,10.162317210509292
1679030826.113441,9.520314002758552
1679030826.130141,9.739494000813016
1679030826.1636539,10.940122196755093
1679030826.203611,9.429360895827704
1679030826.237699,11.092995255805565
1679030826.279217,9.377248780739073
1679030826.3027651,10.946134885533239
1679030826.3196201,9.702221844437718
1679030826.351678,9.219142764488943
1679030826.3858922,9.826930853080144
1679030826.400332,10.589391273347731
1679030826.411551,8.175457753288772
1679030826.424227,10.557835504406322
1679030826.431884,9.97092365021122
1679030826.45962,8.802044762677143
1679030826.481239,10.050027694549577
1679030826.4974132,9.860103821675285
1679030826.5381389,11.257952375997466
1679030826.546834,9.735903897373463
1679030826.557219,10.014610653474554
1679030826.586344,10.33085470882839
1679030826.620429,9.037447448814577
1679030826.670478,9.099487131713792
1679030826.692058,11.262709766811247
1679030826.712787,9.090457554646681
1679030826.730161,8.811754668873466
1679030826.7616708,9.816101447012787
1679030826.7705548,12.077102847668028
1679030826.7903192,10.712217771979965
1679030826.799694,9.65762490915371
1679030826.801671,12.024029581859864
1679030826.828989,9.437114520820481
1679030826.8401432,10.330882645449906
1679030826.874922,9.268611359392885
1679030826.9099689,9.420209128598078
1679030826.91122,8.916127144221699
1679030826.946811,11.347500853527249
1679030826.990576,8.992096910935148
1679030827.01999,11.097636870935464
1679030827.0638988,9.485495365683914
1679030827.090604,9.62063375279185
1679030827.108934,10.874307308637087
1679030827.135377,9.976343352692464
1679030827.1445818,10.990434732035245
1679030827.184563,12.28153232874062
1679030827.211648,9.167873166695594
1679030827.241624,9.33996882035921
1679030827.27161,9.012745547447878
1679030827.280135,9.811735895445027
1679030827.3196712,9.441899973195008
1679030827.337576,10.627613885214961
1679030827.37552,9.533650624982803
1679030827.400724,7.424521485509706
1679030827.4100301,12.417238010300064
1679030827.4301372,9.966068163099836
1679030827.43389,9.75823553290047
1679030827.448278,10.4857027719574
1679030827.483799,8.300819326378894
1679030827.4969869,10.266716348645561
1679030827.505878,10.256609321647145
1679030827.53025,9.98442895073191
1679030827.546834,9.227562321184825
1679030827.547442,10.021944848339214
1679030827.578306,9.432234770056835
1679030827.60812,10.16544029214824
1679030827.640608,11.280496189835315
1679030827.6569788,9.322822513081798
1679030827.686143,7.845610740510042
1679030827.696943,9.723664840459941
1679030827.7061179,7.8843264031944695
1679030827.7452312,7.994687322826705
1679030827.780152,10.391024659120982
1679030827.798025,9.12789290132131
1679030827.821204,10.520101857795495
1679030827.82873,9.334272519881758
1679030827.8477829,9.399225662944193
1679030827.875222,10.611983780926142
1679030827.886338,10.695043375305795
1679030827.904578,10.104956624237879
1679030827.941582,10.642815396535424
1679030827.970411,10.181620053883531
1679030828.008193,7.88825206389445
1679030828.055277,8.773908185756856
1679030828.080137,8.810399758378379
1679030828.103965,10.63757558476354
1679030828.132322,11.215902410769557
1679030828.134453,9.758016205220391
1679030828.155571,11.025363050111267
1679030828.169802,11.180175611945616
1679030828.177189,10.56537700965815
1679030828.207037,10.388039163604518
1679030828.235626,10.658829125254586
1679030828.2801669,11.39672447130711
1679030828.3107,9.212201445306786
1679030828.325367,8.572497243034592
1679030828.333518,10.557819003974373
1679030828.3540769,10.545443675320618
1679030828.404099,11.531184047440082
1679030828.411716,11.551162368813346
1679030828.450093,9.745103141903563
1679030828.450763,10.672276095480138
1679030828.481558,11.96191661508036
1679030828.519968,12.483442497219201
1679030828.541226,10.051338432806059
1679030828.5468612,9.03476587136299
1679030828.547721,10.373557847320324
1679030828.5727592,10.016005444506632
1679030828.585332,9.15355291810762
1679030828.593798,9.569027322725786
1679030828.604789,10.124595343618035
1679030828.619947,9.754724257477681
1679030828.6252291,10.557561307886571
1679030828.6498811,10.212558029898803
1679030828.65073,9.494550545904278
1679030828.6827252,10.910447435145432
1679030828.689474,8.496869845590004
1679030828.7053592,8.797876262566168
1679030828.719015,8.93696367428119
1679030828.7377431,9.824153467733817
1679030828.759135,10.655055698590264
1679030828.798939,9.267421411542825
1679030828.82009,10.567563606884784
1679030828.833527,9.773607315297687
1679030828.840536,10.74480645853542
1679030828.856568,10.645577564834708
1679030828.877387,10.517521466779748
1679030828.9008892,9.032070587842787
1679030828.927341,9.550265304472124
1679030828.944334,9.954815860569973
1679030828.977206,10.312609249325753
1679030828.999369,8.426708357140013
1679030829.025119,10.244096921701711
1679030829.0547898,9.4131387744041
1679030829.0801432,8.906153309421812
1679030829.105561,10.935499938214203
1679030829.1245818,8.985973547207108
1679030829.1468759,8.717056255644597
1679030829.162467,9.996881407416177
1679030829.2006001,9.287636625107147
1679030829.213485,10.304572556524793
1679030829.2403069,9.84939491083841
1679030829.2761998,10.22534904874528
1679030829.3016691,10.216905318628502
1679030829.31969,11.582540309384044
1679030829.349447,9.171097276247831
1679030829.3869681,9.833634271149748
1679030829.3930361,11.037267810594395
1679030829.40505,8.856003225990973
1679030829.4249868,9.645607413940645
1679030829.4565709,9.319874269391004
1679030829.494808,11.9638574554184
1679030829.5257668,12.128866151594313
1679030829.541557,9.427782517884253
1679030829.548321,9.583116729886969
1679030829.560704,9.784090366228334
1679030829.575124,9.926965881064618
1679030829.600956,11.74612252872912
1679030829.630152,9.895563593397288
1679030829.6535912,10.371224714711865
1679030829.691201,10.56679270474813
1679030829.708201,9.935608022084388
1679030829.727344,8.58862935782693
1679030829.758176,11.086969998759484
1679030829.783318,9.322825605256904
1679030829.811713,11.084740989563198
1679030829.838159,9.857644372102355
1679030829.861711,9.045729885499862
1679030829.877385,9.149873101716176
1679030829.9117062,9.403149470277683
1679030829.946857,9.598518295398051
1679030829.975801,9.495429676565182
1679030830.001107,9.78385945074826
1679030830.0301461,8.983395798009822
1679030830.038691,9.428389276941406
1679030830.080183,11.7638051131894
1679030830.091018,8.655625629365705
1679030830.1241732,10.593103671271743
1679030830.128172,11.294907872709555
1679030830.14274,9.293169605899712
1679030830.1619499,9.54098260913614
1679030830.174869,9.346903528768442
1679030830.2012138,9.550982155335817
1679030830.228535,9.252942229422331
1679030830.2412019,10.706219573514488
1679030830.2647512,10.619824744974661
1679030830.296889,9.311100692766129
1679030830.31949,10.05808162721426
1679030830.348329,11.089768396021388
1679030830.375166,9.47083033688766
1679030830.420325,10.589161605612231
1679030830.438457,9.090644553326369
1679030830.469472,10.457953849691423
1679030830.493034,11.184062859410762
1679030830.532301,10.008917881221098
1679030830.5578518,11.304990690322905
1679030830.580443,10.002653869562238
1679030830.594038,9.434654456382866
1679030830.6117399,10.221370885342868
1679030830.634814,10.322266065152538
1679030830.651679,10.472471180614153
1679030830.6763678,8.18435879608979
1679030830.68941,8.777168972985795
1679030830.71357,10.48605404877338
1679030830.742982,7.472604011383355
1679030830.7635782,9.030430188734668
1679030830.788503,10.040243180002488
1679030830.819315,9.819623900623068
1679030830.836434,10.566441388271109
1679030830.863893,8.86872388641218
1679030830.8886101,10.572999569176556
1679030830.90566,9.320822436904987
1679030830.9208052,8.787267219837547
1679030830.948409,10.70828260131539
1679030830.969561,10.53648203867305
1679030831.0019321,11.059599904151048
1679030831.025629,10.38331751138398
1679030831.039139,10.173596225494526
1679030831.058284,10.627760818969515
1679030831.07876,10.271460948140092
1679030831.0957341,9.384951590860968
1679030831.097604,10.29675701147135
1679030831.110636,9.119127800111329
1679030831.1381881,10.563893055000596
1679030831.152179,9.040177485335185
1679030831.180237,9.694462967578414
1679030831.205068,8.906961941120876
1679030831.22474,8.58138576789445
1679030831.253909,10.901537738027477
1679030831.284863,9.932553270318301
1679030831.320226,10.966005717839275
1679030831.3535051,10.262520544721667
1679030831.35878,9.57606617507318
1679030831.3634,10.595122163875825
1679030831.380526,8.876693182114005
1679030831.3972852,11.88174422980162
1679030831.420089,10.243494287785476
1679030831.434192,11.077169397620636
1679030831.46075,7.993291244466247
1679030831.488766,8.88382571677943
1679030831.505444,9.477262161014263
1679030831.536917,9.602954861985207
1679030831.569236,11.606342748345723
1679030831.583039,9.947424497197707
1679030831.609577,9.603713877291282
1679030831.632776,9.434206414983104
1679030831.633899,9.414377287835025
1679030831.6561651,9.630988175887024
1679030831.670285,7.645065937849198
1679030831.7062469,7.959214007407075
1679030831.745745,9.757422839987573
1679030831.748987,11.412761136834735
1679030831.771203,10.765325221128931
1679030831.8061178,8.986979928941764
1679030831.821224,9.325058548006165
1679030831.83487,9.969229014014944
1679030831.859797,9.374323881145465
1679030831.887341,11.524802343111235
1679030831.918692,6.9459085518693655
1679030831.9412549,9.24815451147016
1679030831.970885,9.032321000048551
1679030831.9930098,9.711716734782339
1679030832.019016,9.194420323204252
1679030832.026304,10.173465678875326
1679030832.0419579,11.020616956828619
1679030832.080322,10.11377348164182
1679030832.104625,10.672498996443872
1679030832.137569,10.552498324192184
1679030832.175314,8.41090793145817
1679030832.184486,10.431134490214559
1679030832.20782,10.072981716892809
1679030832.247127,11.481525922905282
1679030832.27355,10.326251455300929
1679030832.297017,9.4453027699533
1679030832.298157,8.911914057832146
1679030832.327075,10.49454838027206
1679030832.359461,9.736464831468416
1679030832.374738,8.438965681075418
1679030832.389503,7.657355159980966
1679030832.4205298,9.140755571140547
1679030832.4508102,9.559178601156606
1679030832.474057,9.157633057863952
1679030832.504629,9.86250215013431
1679030832.5243342,11.688914125924908
1679030832.526945,10.580729031817462
1679030832.541413,9.812566824594544
1679030832.556889,10.450758088136022
1679030832.586472,8.133878206352755
1679030832.592711,7.882067894276576
1679030832.623302,11.368049111992974
1679030832.6468759,12.329564567290673
1679030832.683514,8.895125653020559
1679030832.7238169,8.775082525860316
1679030832.7482939,12.410256450596581
1679030832.775632,9.315087129958716
1679030832.801759,9.78510570926077
1679030832.809459,9.14418131860369
1679030832.847109,7.700763702209646
1679030832.8617668,9.483355330995638
1679030832.890343,9.067840917133603
1679030832.919956,8.957908046817078
1679030832.95562,10.462625116995751
1679030832.963553,9.71785414627245
1679030833.0198169,10.334760499442595
1679030833.039053,9.62826587786087
1679030833.063979,10.157788267877413
1679030833.0936341,8.26142249383049
1679030833.129293,8.835311705639988
1679030833.1496499,11.731258066574648
1679030833.1734169,12.620428974229913
1679030833.2137249,10.349433896064888
1679030833.2204921,11.496479372805576
1679030833.232995,9.03559068913465
1679030833.256167,10.769936841090347
1679030833.290098,9.473042320773644
1679030833.319561,10.066380807717541
1679030833.346921,9.383978086555423
1679030833.3630989,10.461419336303702
1679030833.393147,9.011021974048617
1679030833.4192069,9.266423570977956
1679030833.439223,10.603060172254075
1679030833.451319,9.425453276769224
1679030833.457377,9.983289465452204
1679030833.469311,8.134254043329443
1679030833.500632,9.314698271603435
1679030833.5348852,8.703994085859936
1679030833.5700228,9.190949054616246
1679030833.576471,9.859409208401237
1679030833.5974169,8.936781119471656
1679030833.604651,10.500028922128882
1679030833.634513,12.007232434873671
1679030833.6357372,9.58402114253517
1679030833.680748,10.621273740473866
1679030833.6886258,12.074976110268
1679030833.704705,10.34091568096841
1679030833.730229,10.283041943407637
1679030833.756939,10.595658785142001
1679030833.769949,10.262223009098712
1679030833.789539,10.925367919991157
1679030833.80631,9.797868436266027
1679030833.820112,11.731912427252295
1679030833.8419871,9.164650373236924
1679030833.858191,7.4457604270811135
1679030833.8834891,8.35586244249554
1679030833.91195,9.39499107799617
1679030833.928879,10.390718534260794
1679030833.9595442,10.530014561870196
1679030833.986302,11.606775119115873
1679030834.024605,9.430278680168323
1679030834.043055,11.898235713844514
1679030834.076424,9.669227674380897
1679030834.097208,10.698344043958024
1679030834.127611,11.617981555819965
1679030834.153339,9.228332581381443
1679030834.174121,7.330038078763126
1679030834.1968892,9.230561759183999
1679030834.209897,10.389300886184401
1679030834.237407,10.683921003714637
1679030834.258618,11.893347276783462
1679030834.305995,10.542456994963665
1679030834.3303502,9.389619625224125
1679030834.363641,10.802954886359567
1679030834.3813329,8.546477063507423
1679030834.390398,11.119158198669894
1679030834.422442,8.913609474921724
1679030834.439947,9.6073431850002
1679030834.455725,12.00889487994941
1679030834.493814,12.373959300573866
1679030834.52293,9.8639648002555
1679030834.543482,11.585224050176699
1679030834.582678,12.545795857134943
1679030834.611752,10.023564953637065
1679030834.626386,8.717101584218355
1679030834.6359732,9.156547478942993
1679030834.648105,11.50502825544776
1679030834.683111,9.096465229543636
1679030834.710081,10.618288375066243
1679030834.741437,9.947543094042015
1679030834.7451699,8.818671793957447
1679030834.77487,10.107136486820444
1679030834.779969,10.414553678381235
1679030834.784328,8.727946300088378
1679030834.8196008,9.62040133429716
1679030834.846695,10.387308377092406
1679030834.861689,10.691636874792977
1679030834.8864279,9.183730111470458
1679030834.8923562,10.53920868791856
1679030834.913598,12.350881647249002
1679030834.927397,9.263962494714859
1679030834.935887,10.721741851866932
1679030834.942956,10.532839305105542
1679030834.955661,9.22335636969794
1679030835.000566,11.049725063573895
1679030835.013581,9.878344884073059
1679030835.047211,9.770447541061962
1679030835.063735,8.13123457623317
1679030835.087007,10.915133430037178
1679030835.103193,7.712284406185047
1679030835.1275442,10.771496312191296
1679030835.154903,10.235515744486946
1679030835.180369,10.329828574194597
1679030835.195303,10.00030531423047
1679030835.213589,10.567920352219598
1679030835.236316,10.154603631894965
1679030835.240572,10.00697105928456
1679030835.279495,10.808515045535087
1679030835.3106718,11.597569726184638
1679030835.334889,8.960763829370642
1679030835.355474,10.976751207685044
1679030835.361988,8.809991960636136
1679030835.374867,10.675034729701267
1679030835.383148,10.875598222155537
1679030835.402714,8.8570773015803
1679030835.420768,11.041573548840988
1679030835.4422011,7.681001046656788
1679030835.4425,9.441730517198806
1679030835.475487,10.295090567453467
1679030835.484521,10.267901805186652
1679030835.513705,11.472195777650638
1679030835.531581,8.339864761232901
1679030835.569694,10.706848462441041
1679030835.5973141,9.511249659779033
1679030835.6199,10.617605866069141
1679030835.633712,11.710034943420986
1679030835.6383948,11.27007986145221
1679030835.674187,10.380124156158114
1679030835.697566,10.258607725990998
1679030835.710633,10.4755781511058
1679030835.711829,8.388843427893597
1679030835.7393699,10.465367750404624
1679030835.775053,10.583647267756739
1679030835.7994812,8.62516451054224
1679030835.824545,11.511629476516587
1679030835.85343,11.025566335953027
1679030835.879183,10.51301155662174
1679030835.898464,9.812214624462243
1679030835.93035,11.78938596682288
1679030835.9442291,8.933927535070996
1679030835.969732,8.073986855424454
1679030835.980559,10.73292424381533
1679030835.990535,8.260548949923535
1679030836.024317,9.965061398043657
1679030836.053968,9.70533870358018
1679030836.094208,9.808322780146327
1679030836.1080608,10.616134282900152
1679030836.124768,9.479425381303324
1679030836.136102,10.01065034548226
1679030836.1740952,10.987688424308617
1679030836.1867678,9.816489078888807
1679030836.2196622,10.429663517312386
1679030836.224558,10.887174018759818
1679030836.25459,7.845426316162253
1679030836.280766,8.873432918592838
1679030836.28119,11.338117542211483
1679030836.313631,10.034711872537832
1679030836.351062,11.296033157057199
1679030836.376482,10.896754205584951
1679030836.392672,9.414096134151826
1679030836.404674,10.107457639672209
1679030836.426184,8.731335124858672
1679030836.434307,7.561249793476168
1679030836.43536,9.754547530536346
1679030836.4599428,11.346742510862283
1679030836.480801,11.071044479627243
1679030836.486052,8.739779524532167
1679030836.531776,9.641538132957685
1679030836.5350668,10.711283082529254
1679030836.561915,9.707281149057588
1679030836.57466,9.979324314930281
1679030836.6034932,7.938188516824285
1679030836.619621,10.083372073584528
1679030836.647012,9.495786846082481
1679030836.670914,8.643682033148098
1679030836.6851509,11.321750919013123
1679030836.712611,10.849940246726707
1679030836.737686,7.841872497128261
1679030836.7698529,10.630874466273976
1679030836.7804039,10.604086154145795
1679030836.781673,9.22036636224364
1679030836.807759,10.792187741693006
1679030836.843316,10.216069051866969
1679030836.8822138,11.424898657394193
1679030836.903378,11.275505432103092
1679030836.920471,9.806358567702299
1679030836.946972,10.33527751786774
1679030836.978677,10.212268309211613
1679030836.9925408,10.299188220800445
1679030837.019674,9.419066658548578
1679030837.043282,10.955746257476864
1679030837.069804,12.336193051180764
1679030837.0776582,11.283331242972633
1679030837.086439,9.260912357492119
1679030837.113626,9.986438898610336
1679030837.125822,10.60448827043657
1679030837.160267,10.38344761030207
1679030837.169714,9.570421325346482
1679030837.176411,11.606648166872526
1679030837.191796,10.716517685069242
1679030837.225442,10.287391240878609
1679030837.24963,9.568562565832837
1679030837.287298,11.27302646474122
1679030837.313642,8.535685216097301
1679030837.347939,10.532233549502234
1679030837.36182,9.602494500494378
1679030837.370238,10.333616566831699
1679030837.394327,9.83176584862447
1679030837.402263,10.492129008376718
1679030837.407616,9.348198980030876
1679030837.4396522,9.873464716498557
1679030837.4775429,7.884664791198761
1679030837.494333,10.514656719342607
1679030837.50206,10.331941460226659
1679030837.505054,11.16747125975087
1679030837.540737,10.534642528786128
1679030837.5750022,11.102977939600784
1679030837.589601,9.21342884778058
1679030837.619974,9.275634736088856
1679030837.62515,10.398340991811866
1679030837.637559,11.109680389967505
1679030837.654022,9.449249004844793
1679030837.6869729,10.167008563258504
1679030837.706926,10.396777695259006
1679030837.735012,12.140558570663583
1679030837.755476,9.126353475537451
1679030837.779222,9.87861246028466
1679030837.791548,9.757353867498649
1679030837.8199072,11.312158536774367
1679030837.855188,8.405480042659034
1679030837.874938,8.649618469662634
1679030837.91996,8.72152586721523
1679030837.941907,8.640181675784026
1679030837.981859,9.780029072978913
1679030838.019831,10.284774928135853
1679030838.045246,9.937879402314792
1679030838.075766,9.536253174906522
1679030838.0936909,10.61151063351686
1679030838.124746,10.931588926184252
1679030838.1266491,9.534450093405574
1679030838.129868,8.595345363844894
1679030838.145382,10.737509599018125
1679030838.157533,8.680086011102922
1679030838.1776981,9.951940187972388
1679030838.210191,10.855468612843016
1679030838.256045,9.743288510433132
1679030838.28638,9.227337077975095
1679030838.29703,10.821711719260762
1679030838.330324,8.574947354435102
1679030838.363706,9.950687419762117
1679030838.3817542,9.818370429944002
1679030838.392349,9.539604990911094
1679030838.4201128,11.848088783967118
1679030838.444343,10.04354386469035
1679030838.463663,10.692586074243284
1679030838.4896882,9.698435624124468
1679030838.5210502,8.769605782938317
1679030838.540788,11.039761422191878
1679030838.547015,9.520251848343595
1679030838.563669,11.48415794823041
1679030838.585891,11.510814973288054
1679030838.595377,9.201957958873974
1679030838.620501,8.334726840655508
1679030838.6618931,10.95721893519312
1679030838.701013,12.054566832660033
1679030838.739989,9.722438590114423
1679030838.740412,8.912986600370601
1679030838.7742321,8.437605659993213
1679030838.808505,9.353146201238632
1679030838.836065,8.111722260417917
1679030838.857398,9.681288163901653
1679030838.874172,9.090495261729851
1679030838.8970098,9.46546989692285
1679030838.921067,10.06644885306238
1679030838.939809,10.2663773204204
1679030838.952877,10.625611426358976
1679030838.984832,11.240243523378952
1679030839.011007,9.138810264034012
1679030839.0125818,10.428566206375287
1679030839.02547,10.51366315488482
1679030839.05693,9.87467459759049
1679030839.0758028,11.114709784593417
1679030839.097635,8.70500420265581
1679030839.119919,8.941737339377603
1679030839.148149,9.396213862672155
1679030839.157449,10.540604077827108
1679030839.169889,12.192082564973319
1679030839.213164,7.67937111356117
1679030839.238085,9.972599974951654
1679030839.256526,10.303201929579114
1679030839.284498,10.38451201161675
1679030839.294073,9.05052772490192
1679030839.306769,10.787958221223166
1679030839.3204741,10.514434820533486
1679030839.351725,10.481790560753748
1679030839.377723,8.447773930273536
1679030839.3970509,9.712659099048773
1679030839.427683,11.527618269500831
1679030839.4389818,11.008993195374297
1679030839.4636679,9.201462922845622
1679030839.492803,9.702943764868495
1679030839.527721,10.683621867875377
1679030839.5349278,10.674289504050597
1679030839.544079,9.808836795661737
1679030839.555858,10.341936884927998
1679030839.5701702,9.96542225026117
1679030839.574949,9.537402103643501
1679030839.604749,11.06221852199792
1679030839.619524,10.275068816348014
1679030839.6339169,9.004585350771752
1679030839.647224,11.959829335532849
1679030839.66916,9.041264593817852
1679030839.703321,9.747343526214287
1679030839.7212942,9.310917974152463
1679030839.734151,11.42005040335164
1679030839.758879,11.430887405294932
1679030839.763629,8.931255302577263
1679030839.784009,11.159942361533638
1679030839.809234,8.74390110836796
1679030839.830358,10.66526571039773
1679030839.8500748,8.720687433554303
1679030839.898575,12.396662144351868
1679030839.9267058,10.294506170364151
1679030839.947087,9.079666334269605
1679030839.963145,8.736967442475274
1679030839.988281,9.92116373128029
1679030840.001118,8.587541344272086
1679030840.019698,8.95407183941052
1679030840.060225,8.824761284037251
1679030840.0861719,10.904976594790078
1679030840.086703,8.723860703220534
1679030840.105619,9.843899047802294
1679030840.106842,9.29378464852066
1679030840.13772,11.416271272615663
1679030840.164018,10.38161467597326
1679030840.184572,9.716972176177864
1679030840.203326,8.729123370832415
1679030840.2139819,10.706941268127428
1679030840.245387,10.48687207737208
1679030840.282037,9.500843109813827
1679030840.307845,9.703423581917905
1679030840.3194282,8.982993634211235
1679030840.348503,9.485080769291452
1679030840.374186,8.384841486800205
1679030840.401477,9.078571592670935
1679030840.419897,9.84306429965926
1679030840.4443798,10.021914406863122
1679030840.44478,10.048841009211241
1679030840.47548,10.147435480364853
1679030840.497334,9.181045947473327
1679030840.511905,10.87391679436718
1679030840.54068,9.764619839292974
1679030840.570473,9.516354929270715
1679030840.603123,10.216518428399098
1679030840.631788,9.507632720207276
1679030840.6389918,9.69790152808804
1679030840.669787,8.362738719142945
1679030840.6896079,10.989431240764894
1679030840.7026,11.346824997531693
1679030840.7472482,9.9999434254048
1679030840.7776792,9.003748012297805
1679030840.806326,12.493308991166273
1679030840.838159,10.415535528701707
1679030840.8757582,11.234458337875255
1679030840.920507,9.05238173725948
1679030840.9482481,9.97152501938576
1679030840.9699142,10.083414589676428
1679030840.9841752,9.442426697109436
1679030841.0088809,9.921956024614564
1679030841.029242,10.501276294125482
1679030841.047392,10.972099090085937
1679030841.053469,9.787747901476811
1679030841.0598028,8.316328693700843
1679030841.0847092,9.083217941236532
1679030841.0984662,11.73214266829728
1679030841.1304011,11.822760570298994
1679030841.1441438,8.120203958250553
1679030841.171167,11.520877515426951
1679030841.208593,10.921732669096583
1679030841.209749,7.016290547303413
1679030841.2535942,11.703413221349585
1679030841.264266,9.308656452031915
1679030841.279274,8.953462344269095
1679030841.286143,10.217864141530232
1679030841.302412,10.752468558700047
1679030841.310592,10.279776252791146
1679030841.324141,9.482539037344571
1679030841.342017,10.664880490129693
1679030841.363722,10.126309476798205
1679030841.393897,10.996508603777446
1679030841.43153,8.557673512262559
1679030841.4698,9.939020497420126
1679030841.489391,10.038658607174543
1679030841.502483,10.875339435577914
1679030841.524649,10.698305675944498
1679030841.5539432,10.984916783353498
1679030841.5751529,9.560239056348486
1679030841.597014,8.495815303340844
1679030841.6245801,10.911049722069235
1679030841.6260679,11.24126188630936
1679030841.674525,10.639023179111716
1679030841.700774,10.726618088511358
1679030841.730371,9.999071816823205
1679030841.7607749,10.144354162551972
1679030841.799576,7.9356409879305945
1679030841.802994,9.137573555938074
1679030841.82044,11.863201988133383
1679030841.841216,10.1083873044668
1679030841.880875,11.411418923622069
1679030841.924144,9.053817341917886
1679030841.956497,9.313935364614862
1679030841.959758,11.823066498384662
1679030842.001396,10.652796887314885
1679030842.0312278,9.52468320350519
1679030842.069241,8.671742586850566
1679030842.085215,9.760072357662164
1679030842.1303759,9.207296456192157
1679030842.140556,9.051378032293567
1679030842.160713,12.083725448881038
1679030842.178806,10.39282810135496
1679030842.209825,9.165757687969231
1679030842.224867,10.304393334152442
1679030842.2397802,10.876179443214243
1679030842.274672,8.927133706862366
1679030842.281153,10.38661496287777
1679030842.303335,8.822038857726332
1679030842.334213,11.41370133395936
1679030842.353976,10.955454219828548
1679030842.3807201,9.380565360320373
1679030842.423687,10.684494910768173
1679030842.4619362,11.49525152644029
1679030842.487367,8.58976058571859
1679030842.513723,9.847109819090484
1679030842.52459,9.071776850555477
1679030842.539379,10.5631392023823
1679030842.5546381,11.013470420793578
1679030842.584765,9.485514953991206
1679030842.6197052,9.469657583111243
1679030842.624546,8.699528847235065
1679030842.640202,9.349813496354669
1679030842.651252,9.478091460275126
1679030842.681809,10.322181488728734
1679030842.729284,10.8222055819435
1679030842.733074,11.290460727330867
1679030842.745981,8.993267424261326
1679030842.763476,10.209747927944774
1679030842.780416,9.688965210041465
1679030842.794105,9.122379277103738
1679030842.821066,10.478581892526737
1679030842.831448,11.820298525965734
1679030842.8498209,10.219443496044233
1679030842.8750458,9.254514013779973
1679030842.8899488,10.245713399601962
1679030842.902848,7.956261188904547
1679030842.913722,13.221945775070626
1679030842.9277718,9.750555006947337
1679030842.961875,9.711421904612475
1679030842.985665,11.11807687656011
1679030843.019199,9.822796436767497
1679030843.02389,9.426907059156552
1679030843.053778,9.896344998506688
1679030843.079222,10.70071715793942
1679030843.1021938,11.030936520348419
1679030843.11923,7.3599274975920155
1679030843.13284,11.494559003317796
1679030843.151344,10.847736326025943
1679030843.169346,10.195817143851706
1679030843.213728,10.051389541035325
1679030843.233593,10.940131322826083
1679030843.255251,8.947428581741002
1679030843.28093,9.57165136959562
1679030843.319565,8.147283558745785
1679030843.331268,11.872264883111164
1679030843.3611898,10.234441783579808
1679030843.383926,9.897504920571551
1679030843.404673,10.240360947859575
1679030843.440923,9.605102471645182
1679030843.458591,9.983941396050053
1679030843.4828238,10.350532959405497
1679030843.487728,10.723710833271605
1679030843.494266,10.453451469147236
1679030843.505058,10.41515668386297
1679030843.54645,10.660108428714471
1679030843.5619452,10.444830231706735
1679030843.591239,10.49110575880141
1679030843.611906,10.166746800694307
1679030843.641024,9.267691595128277
1679030843.655902,9.643140568576836
1679030843.673721,9.603562237391662
1679030843.683892,10.810251650718318
1679030843.724873,8.98158586584385
1679030843.75057,11.463969292087953
1679030843.762042,10.482096704102863
1679030843.7944162,10.526741956870163
1679030843.8318772,8.688334490283886
1679030843.874228,11.224093932331222
1679030843.895446,7.831708415487261
1679030843.9046552,8.71727908078762
1679030843.930422,10.460248794963334
1679030843.938207,10.33359314253646
1679030843.946949,10.04462004295838
1679030843.9851332,10.170621962557975
1679030844.012634,8.763211223616638
1679030844.056053,11.147121864365408
1679030844.080229,8.863993468158919
1679030844.0989308,10.190810495422918
1679030844.1277099,10.271268201799666
1679030844.140712,9.89492441316391
1679030844.161037,10.047514043039932
1679030844.197112,9.813824249324282
1679030844.23138,10.757868538009427
1679030844.280912,9.62111055783959
1679030844.29707,10.80423676897665
1679030844.3304472,9.331498062168903
1679030844.355754,11.259980203531345
1679030844.375068,8.384309821962875
1679030844.4035578,9.755359490152776
1679030844.432191,10.021901247024493
1679030844.4502678,11.5956206145798
1679030844.477788,11.601045889191745
1679030844.513783,9.447772318186784
1679030844.519377,7.900469954806221
1679030844.547103,9.517424553874784
1679030844.557803,8.879317911539575
1679030844.605092,9.023080994607948
1679030844.6293051,10.747601963259559
1679030844.6444108,7.9419725441520574
1679030844.6707652,9.018071458770738
1679030844.683827,11.150902098667045
1679030844.706265,11.032603358057525
1679030844.723586,10.96611424789456
1679030844.745266,10.345434373394955
1679030844.769731,9.123820956977612
1679030844.806619,9.132007458091735
1679030844.847052,9.544950366137487
1679030844.873889,9.646675863109223
1679030844.898141,8.092634910871835
1679030844.929358,9.68549962588654
1679030844.960452,10.44956644086746
1679030844.995472,8.573883742773807
1679030845.011949,9.868351608208068
1679030845.032131,10.157705965961943
1679030845.062443,10.077979499527839
1679030845.085459,9.441386977265603
1679030845.097135,8.71010430831804
1679030845.122771,9.668468033526212
1679030845.146773,10.25018586129184
1679030845.154891,9.86736269327318
1679030845.1807811,9.464304009596441
1679030845.2066402,10.055585143044228
1679030845.247152,10.007244540113968
1679030845.2737741,10.22101938221909
1679030845.298246,10.38193274942915
1679030845.3228621,9.432875152988366
1679030845.352727,9.8490095252231
1679030845.3705149,10.239455160955815
1679030845.403052,10.340943652583828
1679030845.4120162,10.299425306127338
1679030845.44767,9.721542009766894
1679030845.4606972,9.265858863073678
1679030845.480466,9.601332790293927
1679030845.5103722,10.161160932623742
1679030845.52044,11.347009021820716
1679030845.545301,9.827310350883316
1679030845.5744262,10.01467353224566
1679030845.6082392,8.903528640021893
1679030845.64797,8.99173473775038
1679030845.673666,9.734175096077514
1679030845.694398,8.464290798391243
1679030845.72076,8.800232718819974
1679030845.749593,11.66073659357887
1679030845.7763588,9.46634852512265
1679030845.800822,9.648228460292277
1679030845.819097,8.70973531049777
1679030845.844194,8.196514202055663
1679030845.877701,10.515572549027615
1679030845.894233,9.217261430941235
1679030845.923542,12.017433307727773
1679030845.969236,10.20073397095496
1679030845.997681,9.5749379684386
1679030846.031132,10.592472514199402
1679030846.036413,10.660631061331031
1679030846.0700731,9.25548628632936
1679030846.110873,9.879918983518957
1679030846.146454,9.47564262888106
1679030846.1822069,11.346675319534175
1679030846.197854,10.439206290241902
1679030846.226242,9.20247223216609
1679030846.254497,9.759984056136835
1679030846.283345,9.694910831681389
1679030846.3029618,10.693916846018396
1679030846.320234,10.065757933023386
1679030846.3741171,11.189582083233415
1679030846.407727,10.470029193015362
1679030846.43395,10.79642122734056
1679030846.452516,10.078632643986916
1679030846.469855,10.88908380882407
1679030846.487339,9.522834494949063
1679030846.505622,9.990664802590173
1679030846.534053,10.180956970159215
1679030846.5547662,12.673244061473863
1679030846.570456,6.818877884304877
1679030846.586069,10.75222778959875
1679030846.5954869,9.53332299070084
1679030846.6318321,8.527748829688765
1679030846.6404228,10.158053845373631
1679030846.663785,10.052850401412341
1679030846.690227,10.382290191421227
1679030846.719012,9.497267627748109
1679030846.743756,9.966741411047398
1679030846.7603772,11.150458486531459
1679030846.777832,8.233981225728895
1679030846.791701,10.79326858395931
1679030846.803042,8.907607390777727
1679030846.831064,9.986812290776125
1679030846.863793,11.325643744343038
1679030846.893313,10.108237465888765
1679030846.920115,9.60899219146513
1679030846.936762,9.88582802313702
1679030846.955869,9.633264391958773
1679030846.977847,9.98936041563419
1679030847.011188,9.194197003687005
1679030847.034646,10.111794703293654
1679030847.056594,11.620311058164294
1679030847.090094,10.193399894689236
1679030847.101654,9.89897240115792
1679030847.119252,10.600143282459426
1679030847.147147,9.267632104332918
1679030847.1522791,9.47779066780253
1679030847.160854,8.283717412290386
1679030847.189844,12.019983159959159
1679030847.1942232,8.765780975443505
1679030847.21198,9.35260676762078
1679030847.242636,9.45410593687816
1679030847.250366,10.312903002456446
1679030847.288539,9.173917277783728
1679030847.308877,10.84686209160446
1679030847.312765,10.343316225161589
1679030847.3560152,10.238204001350244
1679030847.373452,9.701382290267905
1679030847.380499,8.058282089100436
1679030847.418679,9.7731024875878
1679030847.451351,11.291841283865221
1679030847.464261,10.634725981295931
1679030847.4731112,8.953293114179985
1679030847.5073931,9.860005970499557
1679030847.523927,10.03534738912361
1679030847.553761,9.362997008535869
1679030847.562757,8.962799622140071
1679030847.60156,11.206379695439134
1679030847.613308,9.298517164660488
1679030847.6444411,10.661372575578998
1679030847.648555,8.63330638172616
1679030847.663241,10.500840860701611
1679030847.681579,11.35772369565713
1679030847.720822,11.001031673143107
1679030847.7588868,10.202306986423254
1679030847.765568,9.181732139500502
1679030847.801742,10.53821068963727
1679030847.811031,10.039341796375062
1679030847.8388648,10.167411558390707
1679030847.851661,8.324663577436848
1679030847.869589,10.251317915969974
1679030847.874166,9.408564565377633
1679030847.910671,9.138735991103573
1679030847.919899,8.945498938801764
1679030847.964051,10.543418175901737
1679030847.970017,9.715188531668332
1679030848.007162,10.737147088136242
1679030848.030596,10.83344924888924
1679030848.047283,8.533819244735298
1679030848.0697348,9.499678432850086
1679030848.094448,9.79673938270481
1679030848.120676,11.267723024561619
1679030848.1422951,9.494039215563983
1679030848.15659,10.623664106960732
1679030848.182861,9.821799597692966
1679030848.220223,10.288869388867997
1679030848.234566,11.251074103492643
1679030848.253313,8.326017124359414
1679030848.295275,10.094263852712588
1679030848.329769,9.792216592619202
1679030848.3364549,10.291704186169138
1679030848.360437,10.277098535722152
1679030848.4014301,9.578676041659433
1679030848.4278889,9.751950892917694
1679030848.453642,9.383402472036698
1679030848.470001,8.750863820288973
1679030848.494514,9.164365853943119
1679030848.525755,9.578007321538784
1679030848.554875,9.954768939724387
1679030848.569412,10.072729651276878
1679030848.5891032,10.094171981321836
1679030848.624383,8.626798278666502
1679030848.629856,10.059497356292404
1679030848.649109,10.655413213000223
1679030848.673429,10.244504259671766
1679030848.6978061,9.342003720224913
1679030848.722773,9.776802491334495
1679030848.747896,9.89401388053194
1679030848.749755,10.289861252731187
1679030848.7679648,11.387210160456776
1679030848.779618,11.029900022009235
1679030848.787783,9.8140965461448
1679030848.806069,9.922448546782983
1679030848.824022,10.877165695486255
1679030848.845084,8.52388365221608
1679030848.850241,11.949915446772728
1679030848.873277,10.58853374512059
1679030848.887424,12.388659381680188
1679030848.89814,9.566228062799448
1679030848.923203,8.880930917060114
1679030848.9777222,9.676263001149456
1679030848.986264,11.472877364491088
1679030849.007926,11.541954215275968
1679030849.0385349,11.863040551235747
1679030849.055113,9.44302926799617
1679030849.0889359,9.801965111076356
1679030849.092343,8.254375989811923
1679030849.118212,11.501722955771912
1679030849.1423092,9.75739411533785
1679030849.145625,8.757660347373623
1679030849.150769,10.617107366145975
1679030849.1536598,9.608807958546057
1679030849.17217,11.402715492378777
1679030849.188593,10.25074126862827
1679030849.235293,10.54941202985288
1679030849.249244,11.805667897385318
1679030849.2529302,10.44925244589766
1679030849.287595,10.576358123976672
1679030849.322709,10.819632890263584
1679030849.347467,8.3516187215606
1679030849.354178,9.449665548548676
1679030849.3818822,11.686880093300832
1679030849.401711,9.837394538868658
1679030849.418487,10.523759285971243
1679030849.4259431,9.942314141000992
1679030849.430638,9.469827838975904
1679030849.45957,9.377877352446008
1679030849.478855,9.567816497741667
1679030849.514003,9.101873190650423
1679030849.522797,9.96172965668813
1679030849.546031,11.97028122255325
1679030849.580951,9.858762440068675
1679030849.601652,11.569841995876486
1679030849.627708,10.797668114721091
1679030849.6308942,11.197158382542
1679030849.643887,10.119945504288275
1679030849.668206,9.992155995257397
1679030849.6897879,11.461952020970848
1679030849.722336,9.112110744272295
1679030849.738923,9.122782980825322
1679030849.755755,9.055783005021254
1679030849.781408,10.24881163367797
1679030849.801226,9.665648234581365
1679030849.8037739,7.939243847953259
1679030849.824213,10.69232472415085
1679030849.8476732,11.3571977096857
1679030849.879871,9.771165080139419
1679030849.897145,12.278833791384809
1679030849.922251,9.861171913516028
1679030849.957846,9.667162374877897
1679030849.968225,10.327943712654303
1679030849.9976478,10.557293872945829
1679030850.030468,9.606993340794716
1679030850.0683498,9.453100199873585
1679030850.085196,9.03524880393132
1679030850.1030269,9.566206829549232
1679030850.1320362,12.038484771787168
1679030850.138895,9.951487550824485
1679030850.1537468,10.6812035255304
1679030850.188263,10.458246796217402
1679030850.21196,8.751943681408054
1679030850.226809,9.705427366219032
1679030850.241087,9.56511813282955
1679030850.249009,10.61077512205662
1679030850.2742689,9.595463153600264
1679030850.286187,10.883174823495146
1679030850.305248,10.582715462234656
1679030850.317687,11.040958710971704
1679030850.3528268,8.611793838688689
1679030850.35727,10.493260757817938
1679030850.38501,10.720506001543283
1679030850.4057689,10.51503741473054
1679030850.428407,11.300846389450083
1679030850.445739,10.619185101437735
1679030850.468226,9.34617296678547
1679030850.480961,9.114599106487976
1679030850.500552,9.170729087531493
1679030850.509409,10.340409608435271
1679030850.530936,11.210571912216668
1679030850.54775,10.226928904040093
1679030850.577604,12.40987552185618
1679030850.623116,9.70105738404408
1679030850.651499,7.8557092402884425
1679030850.657648,9.294230283982953
1679030850.694401,10.663136841327606
1679030850.7348511,9.291058743711803
1679030850.735629,9.987730161106873
1679030850.768558,8.197636025384536
1679030850.794403,9.443436616146442
1679030850.82839,9.323648690827971
1679030850.861793,10.014921397487457
1679030850.885806,8.653946332127548
1679030850.918128,11.296971512754613
1679030850.933789,12.173621269364947
1679030850.974228,10.338288425354534
1679030850.984234,10.38460435022039
1679030851.008755,8.636181659142595
1679030851.0120802,10.670335777073642
1679030851.031968,9.699194377349805
1679030851.044404,10.620506274965823
1679030851.0685482,9.978295521429464
1679030851.097724,10.959701022649243
1679030851.12731,10.302728992880251
1679030851.1504629,9.073850116759898
1679030851.173238,9.52179668040972
1679030851.199578,10.179985310933715
1679030851.202949,9.56605745429907
1679030851.215175,9.641167346931248
1679030851.25177,10.86561252028049
1679030851.279527,9.840518299317983
1679030851.303465,10.637855064822954
1679030851.3180401,10.947949667387308
1679030851.325032,10.20420901829013
1679030851.344033,9.953335706323328
1679030851.345696,11.565891667612416
1679030851.369034,8.49886165016632
1679030851.3889012,11.823915526297345
1679030851.391127,10.260521677207084
1679030851.408903,9.712512756201468
1679030851.427742,10.804804392352846
1679030851.47398,8.56468257307818
1679030851.5075939,9.198565482889759
1679030851.528407,10.589702560275963
1679030851.561753,9.662945127726042
1679030851.575541,8.859077251683905
1679030851.595063,11.026685567560472
1679030851.638171,9.023395592146
1679030851.660783,9.035858644125843
1679030851.668601,10.055308654955818
1679030851.6777442,10.173835132242083
1679030851.699724,9.7641622588507
1679030851.7277591,7.502479318766044
1679030851.745087,9.626500632345907
1679030851.7697659,10.80994277462876
1679030851.804136,9.569195893245801
1679030851.827786,10.166154805688
1679030851.840275,9.345875298481017
1679030851.868361,9.335493221742007
1679030851.904614,12.754124642448573
1679030851.9256651,9.090572415060468
1679030851.952296,9.655701300485157
1679030851.973133,9.000785899867314
1679030852.006094,9.716914325321008
1679030852.0394409,10.901702391082235
1679030852.068515,9.44933707679828
1679030852.073926,8.473250115326888
1679030852.098741,9.873141058694788
1679030852.1256561,11.332871486973843
1679030852.136779,9.393540070526642
1679030852.168376,10.046171133374699
1679030852.184505,11.806525593097156
1679030852.21438,9.267675999630107
1679030852.244429,9.962174492541854
1679030852.273729,11.06665550477609
1679030852.2909608,10.32036300659504
1679030852.3250382,11.210107679537202
1679030852.330506,10.033590133071629
1679030852.33861,10.952354071548708
1679030852.350996,9.56357147435692
1679030852.373205,11.20886681268907
1679030852.397676,10.84823016412322
1679030852.406301,8.197324334333036
1679030852.4379132,8.9558209330435
1679030852.473942,10.97668908282873
1679030852.5084999,9.438335435118658
1679030852.529686,8.54331273247863
1679030852.554223,10.585908922747894
1679030852.589681,10.448992421696698
1679030852.611878,9.867416336484114
1679030852.631916,8.945338859816856
1679030852.6509,9.5812882063852
1679030852.683583,8.732378934642675
1679030852.702146,10.292075181004336
1679030852.7410848,10.375126369250626
1679030852.768567,9.920072561515777
1679030852.797775,10.03997169851912
1679030852.830521,11.481997999966769
1679030852.865006,9.16821185796632
1679030852.88796,10.499281728127622
1679030852.9228601,9.701420406756009
1679030852.9689422,10.965263374659123
1679030852.99719,8.58915875881646
1679030853.031838,9.71323576816286
1679030853.053762,11.302865231321189
1679030853.083838,10.664442166294512
1679030853.106657,9.160522493211255
1679030853.135305,11.762032592808055
1679030853.1689951,10.279349104862446
1679030853.169135,9.979622119959657
1679030853.197508,10.275237508341604
1679030853.223568,11.635695760802475
1679030853.2391958,9.557968419988555
1679030853.247641,12.301320333872278
1679030853.2689202,10.189221387511052
1679030853.2944481,10.502101513214084
1679030853.323193,9.859412037991945
1679030853.344447,9.617208590755308
1679030853.383988,10.498592645834336
1679030853.418357,9.524197190164006
1679030853.4355159,9.888958555647203
1679030853.449543,9.5339290609024
1679030853.4737952,10.945190823718292
1679030853.499476,8.841810189450747
1679030853.511864,10.244496346056938
1679030853.5449831,10.179163458148295
1679030853.5473301,10.209088717406264
1679030853.559537,9.852809724921755
1679030853.585121,7.437851175093099
1679030853.594322,9.041141197171436
1679030853.61964,9.584227704200972
1679030853.639169,12.560401615624615
1679030853.6729898,10.978182705517685
1679030853.688127,11.42485785368341
1679030853.7147782,10.229826481520126
1679030853.735619,9.560352419934603
1679030853.76177,11.771691112393809
1679030853.791538,8.48640064601079
1679030853.8295622,10.153536244465142
1679030853.847363,8.818395247691539
1679030853.8727129,9.796110038123361
1679030853.896075,10.692377966736952
1679030853.9184792,9.038660268530082
1679030853.9358258,11.496959474839633
1679030853.953558,9.721483613788143
1679030853.978446,10.708041352484377
1679030854.023442,12.172177695752143
1679030854.033584,7.545334633504601
1679030854.068036,12.197447432697624
1679030854.091696,10.1777279751364
1679030854.108701,11.010438031621996
1679030854.130931,9.964573772933727
1679030854.151287,10.442959268363525
1679030854.159196,9.212015006266995
1679030854.1943629,8.74600454784352
1679030854.223592,10.192151623463268
1679030854.247709,11.539653469612027
1679030854.2846951,10.40049890168406
1679030854.3055549,10.249934741586998
1679030854.332555,8.051716657033065
1679030854.352787,11.027101324338242
1679030854.3866398,9.92728422348909
1679030854.424185,9.619276564209445
1679030854.46861,9.07052782374182
1679030854.4889321,9.247452629041005
1679030854.513897,8.66942502320288
1679030854.534005,11.394366452270297
1679030854.573667,7.939402565095216
1679030854.6182668,10.956156965589475
1679030854.6479108,9.626111714565646
1679030854.649088,9.443442207295426
1679030854.679102,9.208286357023974
1679030854.689875,8.907084062584456
1679030854.7077389,9.181019245112632
1679030854.725502,10.918673610444866
1679030854.743503,10.072838885905506
1679030854.7736042,10.951796325772351
1679030854.802151,9.12566525467937
1679030854.823329,10.89438593782613
1679030854.848471,9.61729858868292
1679030854.8551621,10.39503179462045
1679030854.877803,10.764373968454006
1679030854.888266,8.493948378533652
1679030854.91819,11.016407658542498
1679030854.9481978,11.237661033062276
1679030854.954051,10.398367296382462
1679030854.973904,9.133733699213712
1679030855.002667,11.43650320192723
1679030855.018455,8.252706328844722
1679030855.039607,9.003633183811276
1679030855.056981,9.784226549794473
1679030855.086318,8.50262999352887
1679030855.1119611,11.363009368425232
1679030855.13651,10.13160436486124
1679030855.162015,8.736487719564474
1679030855.1741078,10.493371848922136
1679030855.201539,10.31211973306119
1679030855.232932,10.495429098411163
1679030855.2404108,9.547222425499559
1679030855.2461178,10.116422199862077
1679030855.285834,11.087206083958657
1679030855.30562,10.014961436216904
1679030855.3075898,9.741795166152443
1679030855.3093739,10.910018548558492
1679030855.3278131,11.600334657845547
1679030855.351671,11.657676203161829
1679030855.377792,9.054878398069528
1679030855.383465,9.561338262843424
1679030855.419459,11.085307685306724
1679030855.4407308,10.668699515309836
1679030855.45275,7.894007141835324
1679030855.478809,8.516619224994999
1679030855.498993,11.194217758865404
1679030855.5192971,9.774378786677293
1679030855.519726,10.094128165408256
1679030855.533302,9.732190936793149
1679030855.548246,9.059227849591561
1679030855.551609,10.655061223400212
1679030855.5737689,10.34998319417929
1679030855.598645,11.381434326552343
1679030855.6278222,7.853295572232279
1679030855.6688159,10.84930930103713
1679030855.683472,9.682357130593996
1679030855.713917,10.499500237843554
1679030855.741078,10.609497200763933
1679030855.7525032,10.53069953205394
1679030855.778762,10.03894846268083
1679030855.8007302,9.661995763302436
1679030855.834097,8.115879302341082
1679030855.845342,11.318553085161502
1679030855.8583748,10.149055363434865
1679030855.8864079,7.705121207150752
1679030855.9194229,10.390328513418554
1679030855.931365,8.429169450153967
1679030855.932651,7.221978742719727
1679030855.947298,10.227243964551288
1679030855.948907,11.606705852205366
1679030855.954824,8.665249601467714
1679030855.970737,11.482221578823559
1679030855.9944918,10.033627598455096
1679030856.011124,10.05296351098543
1679030856.03358,10.748320056038848
1679030856.054467,11.248869482611694
1679030856.073762,10.415616694074345
1679030856.095196,8.831840161067154
1679030856.113315,9.198296702656863
1679030856.1379719,9.625249905548065
1679030856.173811,8.62901221026088
1679030856.219075,9.593936468197882
1679030856.245433,9.1606706977063
1679030856.283162,8.764423743253623
1679030856.307589,10.955568408560888
1679030856.344516,11.214014774646666
1679030856.3785,10.717610777471586
1679030856.394686,9.446859025345953
1679030856.424076,9.207041184611343
1679030856.4482481,10.076578877523877
1679030856.452297,10.95168331897011
1679030856.469236,10.042354020457603
1679030856.494504,8.284942239119156
1679030856.505717,11.174758458258475
1679030856.5247219,8.1831570071149
1679030856.533824,7.53902180802754
1679030856.5698109,12.494762280612106
1679030856.598141,10.297964936524371
1679030856.606056,10.192720699620892
1679030856.6318011,10.636048567212294
1679030856.6398752,10.29579098816359
1679030856.674152,9.186639989334152
1679030856.6951602,11.028631507488885
1679030856.723497,10.66328726127853
1679030856.7492568,11.573431050468354
1679030856.779157,12.692708579985092
1679030856.8199308,10.7718286836526
1679030856.825098,8.234429361839599
1679030856.845238,10.158247533584241
1679030856.851997,9.504119894907909
1679030856.860501,9.46284321238279
1679030856.8751118,10.523219769394094
1679030856.887163,9.736345171078485
1679030856.91111,8.41883891836081
1679030856.948707,10.573187690558555
1679030856.987272,11.70228034668673
1679030857.02354,11.284630595600557
1679030857.052522,9.018427092022982
1679030857.083458,10.771672854875913
1679030857.123533,9.899274128837725
1679030857.144522,10.624360795709878
1679030857.168931,8.724751274960001
1679030857.190766,9.921493164167966
1679030857.214537,12.421546883979424
1679030857.238645,9.904734704346659
1679030857.249791,9.143319473134497
1679030857.268072,9.406692314456224
1679030857.274086,11.573460690142113
1679030857.283514,9.588045909757406
1679030857.299616,11.61356266193408
1679030857.3252742,9.72187534447054
1679030857.355079,10.874979465534505
1679030857.382248,9.197913990177065
1679030857.410233,10.501235181245567
1679030857.468079,10.13243567924642
1679030857.4889688,9.924537774539216
1679030857.496073,10.140605712709519
1679030857.524749,11.722250710168785
1679030857.557715,10.243629631225025
1679030857.568276,9.736870774676603
1679030857.569042,11.544320602216635
1679030857.5941381,7.966571979222998
1679030857.649002,9.346981379573998
1679030857.669333,8.73804019673259
1679030857.692208,9.79447906692518
1679030857.704652,9.751242609864995
1679030857.735602,11.724588568908347
1679030857.764,10.533997604289496
1679030857.790426,9.056400283392513
1679030857.802589,11.830151097380607
1679030857.8193312,9.166435387791267
1679030857.832559,9.859030383140345
1679030857.86975,8.216013990724734
1679030857.897697,9.7147752971742
1679030857.930625,9.796244282259229
1679030857.9581928,10.724972338820765
1679030857.980624,10.508153269671881
1679030858.010792,9.658948068810666
1679030858.0282629,9.618752040420315
1679030858.055455,9.4255396562964
1679030858.068972,10.958489157289614
1679030858.095475,9.74248274084944
1679030858.132747,9.063835581735136
1679030858.145716,10.75414442529891
1679030858.161261,10.983290764577957
1679030858.1946518,10.44413711231417
1679030858.213792,7.787723873883731
1679030858.24119,10.686927942943914
1679030858.270151,9.882182519151394
1679030858.2776508,9.431813503809254
1679030858.2808928,10.464542445933066
1679030858.314205,11.697863859364087
1679030858.326614,9.953589659968042
1679030858.356809,10.285593461708535
1679030858.3790898,9.990812362468281
1679030858.400131,7.710845343830815
1679030858.413991,9.603043132094772
1679030858.4251761,9.176109012216425
1679030858.434001,10.389521299178309
1679030858.450141,10.007056701308034
1679030858.4749289,12.408146313171882
1679030858.50366,10.794943486777772
1679030858.5390851,10.895747609832137
1679030858.562228,10.108090575366996
1679030858.587153,9.928127435124052
