,
1679037406.1052039,11.579227148955777
1679037406.13744,7.970135056585205
1679037406.159648,10.8900331318496
1679037406.183512,12.013900942923826
1679037406.2028139,10.262628659707623
1679037406.2586792,10.556233936750097
1679037406.289366,9.341001436932173
1679037406.320173,10.643315131718774
1679037406.336204,7.7845915822390825
1679037406.35123,11.273366126251306
1679037406.362272,11.451719892817923
1679037406.390811,11.252814837475414
1679037406.4254122,12.228622237244965
1679037406.4330502,10.723000534298922
1679037406.4393651,10.311302154846446
1679037406.4642,8.521852501076074
1679037406.4737952,12.554938106786338
1679037406.4778008,10.684007258812361
1679037406.480512,10.384385713395815
1679037406.4837928,11.449655010839834
1679037406.503882,10.84033379410074
1679037406.5443132,7.205102114111526
1679037406.559098,9.236466417966565
1679037406.57497,9.731306536363224
1679037406.6074638,10.639659230326576
1679037406.6217742,11.006682058583866
1679037406.661817,9.249135994319348
1679037406.692428,8.497139907715306
1679037406.7132711,9.61428118064092
1679037406.75141,9.288982960735046
1679037406.76145,9.816004092941307
1679037406.788513,8.801631075581037
1679037406.796316,10.095636191943964
1679037406.821457,10.506288190539008
1679037406.84899,9.012243017969956
1679037406.8629289,10.913890527024844
1679037406.884842,11.707127767990096
1679037406.923718,10.829821024621637
1679037406.95989,10.187753035196048
1679037406.964776,9.386837183163756
1679037406.999459,8.613033617457527
1679037407.028129,9.242546764391394
1679037407.058872,9.781836704531191
1679037407.09961,9.966422366044522
1679037407.125978,10.61965755957964
1679037407.1584609,9.937130573617306
1679037407.169483,9.17951095123126
1679037407.189655,9.69823901759478
1679037407.229474,8.669699969892527
1679037407.239512,10.90635211437203
1679037407.261323,10.102821398400632
1679037407.292861,11.096798671205912
1679037407.29873,9.096890829512157
1679037407.31802,9.968878886854222
1679037407.350304,10.500473914712979
1679037407.362568,9.62078281291253
1679037407.375267,8.39446776263648
1679037407.414189,8.42592673988398
1679037407.442595,11.613944903319327
1679037407.458482,9.533453172880526
1679037407.497385,10.867193248484657
1679037407.508619,10.333349513386786
1679037407.511594,9.882734595547424
1679037407.538562,9.276387060462547
1679037407.54923,8.627675270521584
1679037407.575063,8.092916574942645
1679037407.603602,8.440734206001522
1679037407.634722,10.089024036576369
1679037407.668061,11.351094580365348
1679037407.710243,10.508211947038605
1679037407.712268,10.499284401505932
1679037407.7401469,9.596924894986461
1679037407.756821,9.21596049739521
1679037407.768068,10.288946454219456
1679037407.792567,9.954253317928275
1679037407.813652,10.537086304971753
1679037407.828056,9.30244123471101
1679037407.853431,12.110276112248027
1679037407.898103,10.561696592621702
1679037407.91806,11.286770762560597
1679037407.9453351,8.203590746357506
1679037407.962023,6.666082823277785
1679037407.9909399,8.02834423283127
1679037408.010077,10.675073757246508
1679037408.0180311,11.588984144223659
1679037408.038753,9.814185082426755
1679037408.0432918,9.729930571944955
1679037408.063977,9.290832823697365
1679037408.101421,9.222448696796434
1679037408.111399,10.854132896227796
1679037408.143264,9.027424046410033
1679037408.1949608,10.0014892030525
1679037408.217555,9.376911150647816
1679037408.24386,9.47136305177973
1679037408.2535412,9.005643970931837
1679037408.2754612,8.339056645674876
1679037408.2843242,11.011959031301092
1679037408.298296,8.67775387399662
1679037408.308824,10.55230443719823
1679037408.3351748,10.34180599830834
1679037408.3514721,10.549938718193905
1679037408.354367,9.938484955455115
1679037408.3907478,10.360148277776249
1679037408.411343,10.89449755479728
1679037408.442932,9.564944813331802
1679037408.460215,9.879737470488836
1679037408.4848971,9.623007820667924
1679037408.4986749,11.45858200379709
1679037408.5254028,11.535658732125247
1679037408.559413,10.142814627660545
1679037408.598838,11.53801046494435
1679037408.624541,9.837518390982055
1679037408.6630971,10.515180183954515
1679037408.698198,10.870411740478426
1679037408.71119,9.804099014608642
1679037408.7396889,9.731563402313595
